9841.591975873403
10253.560693542917
10277.531846956383
10383.384180681882
10340.665421475675
9046.17257852195
9151.511584993179
9165.278833296696
9196.39419420144
9228.73287314196
9252.431900551275
9486.614803688266
10184.10711054758
10210.333191231783
10247.05687194333
9826.257632629253
9896.38081872856
10255.842290162414
10254.734658681606
10307.089236536165
10095.280181080125
8681.008990609953
8842.515174192129
8843.514142838314
8922.880860734906
8875.41521843136
8879.789504453796
8885.91649310642
9347.812398923928
9372.14929917086
9328.18983491558
9327.93298178198
9325.71393861107
9339.74209426284
9260.4782787727
9132.931274027362
9416.48674217698
10279.723907794762
10280.084600034048
10283.959756404316
10241.689092763178
10291.202854386736
10297.778653934796
10241.44376626897
10173.455687079464
10210.577780568607
10246.954849418442
10346.734047860593
10246.92369324392
10245.683709156649
10285.192895223116
10318.916573588822
10357.497266805429
10373.32140464981
10305.7907154367
10330.446439259587
10347.913029338184
10370.022291246201
10161.665871342284
9443.983896089121
